280.38
263.99
256.75
273.17
271.65
156.95
165.71
182.78
179.12
168.02
222.55
242.24
249.21
237.31
215.82
225.75
214.10
233.34
234.51
201.10
180.74
168.30
149.33
136.01
143.33
156.81
141.74
145.81
135.84
141.74
131.05
121.88
107.40
131.05
140.12
202.51
198.44
227.85
202.17
196.44
201.24
223.85
190.68
190.68
196.44
213.24
225.65
214.92
207.24
241.87
182.81
193.33
211.23
180.74
197.98
197.58
184.54
192.02
202.82
195.17
189.61
190.51
170.54
180.85
187.78
173.23
148.33
179.57
173.40
170.91
154.23
174.85
180.85
179.85
169.88
232.75
249.34
244.34
253.34
252.75
145.54
168.37
144.37
148.78
171.61
140.95
141.37
159.61
154.02
188.61
124.47
133.74
107.33
144.33
114.91
264.17
258.68
285.72
256.27
269.34
172.61
155.37
164.47
184.95
165.61
179.30
184.61
190.02
195.44
190.88
190.02
179.85
188.12
189.85
197.68
147.12
181.20
174.20
202.85
163.12
161.81
176.57
189.64
171.47
198.47
201.23
242.47
219.78
191.23
216.88
154.98
162.15
168.88
171.95
166.47
91.08
84.98
89.67
84.01
90.67
227.10
202.54
223.17
210.61
230.17
101.87
111.77
108.67
123.60
113.67
164.30
174.47
155.71
153.10
169.92
207.24
193.27
199.51
195.34
196.17
94.40
89.08
86.25
95.74
93.98
175.95
191.37
183.71
170.05
191.85
180.88
156.81
197.20
183.30
202.44
235.89
238.04
243.87
261.11
245.31
225.51
199.61
183.47
215.85
227.75
178.27
171.85
180.27
162.37
177.68
238.24
229.14
240.14
239.31
237.89
245.20
255.34
258.17
241.27
256.27
103.01
93.43
108.84
104.01
82.18
237.17
238.34
229.12
229.78
232.51
169.47
170.23
145.15
149.33
148.67
189.23
184.98
200.74
179.74
199.23
227.82
248.97
251.97
251.55
238.14
196.81
216.95
226.44
207.30
190.81
144.25
161.50
135.33
156.33
144.67
270.99
247.61
246.20
234.37
241.44
172.40
172.91
201.37
205.71
189.15
223.27
196.61
179.71
179.88
220.85
240.55
247.21
238.21
235.04
237.62
252.41
249.79
268.42
266.87
242.97
141.81
129.91
154.71
161.12
137.88
203.05
184.30
165.98
202.95
174.57
174.78
140.57
157.47
213.12
155.05
245.48
223.24
246.97
245.55
247.82
259.75
254.41
256.07
272.97
258.89
201.27
226.24
212.68
195.20
185.20
251.75
240.82
249.24
252.75
234.65
218.10
222.44
224.85
212.37
241.51
98.28
76.80
84.28
98.38
95.77
274.55
277.31
280.21
283.89
284.21
208.48
202.89
185.34
206.48
189.02
233.58
230.51
250.58
242.82
254.10
195.23
197.30
190.81
172.98
192.98
166.74
222.05
204.15
164.98
213.23
189.78
209.27
176.27
156.54
181.85
225.02
214.51
232.58
209.27
213.92
228.68
195.95
220.44
225.51
222.10
224.65
238.48
240.79
227.31
219.72
259.34
284.58
274.41
251.51
270.51
240.82
230.10
245.07
248.31
249.72
275.07
259.72
239.89
259.89
253.41
196.47
206.68
185.10
195.02
194.88
162.05
165.47
168.37
187.95
170.05
287.14
280.62
258.82
236.07
263.31
241.92
259.55
254.65
240.17
230.41
180.82
191.72
188.14
188.31
207.82
228.34
226.75
222.44
175.20
193.95
208.02
215.85
215.20
225.85
228.44
170.20
168.85
183.85
174.27
176.85
305.28
289.38
297.41
286.14
285.48
241.78
246.51
253.92
245.44
246.61
238.14
234.48
246.92
246.92
244.58
163.10
184.92
191.24
181.17
163.34
203.75
222.27
214.92
234.48
200.20
246.48
230.99
241.24
252.58
245.07
182.30
178.95
225.95
174.05
179.95
190.37
206.54
204.81
230.23
210.12
229.02
199.68
220.12
230.99
218.20
149.64
124.43
112.91
117.12
133.33
168.10
189.65
168.75
192.07
182.68
215.82
219.58
231.17
177.85
185.78
192.75
173.85
194.44
187.99
177.78
195.37
213.12
191.71
195.54
199.54
179.10
166.02
171.27
163.27
169.51
175.02
222.75
198.58
206.82
182.99
202.17
191.27
216.65
199.20
219.58
202.89
211.31
187.07
217.31
200.89
151.98
165.15
155.40
152.74
166.57
289.18
270.04
275.28
292.11
278.69
196.34
182.10
197.58
207.92
189.20
215.10
237.41
229.75
246.34
248.99
167.95
188.51
186.71
174.85
158.20
193.54
220.44
224.99
189.17
172.92
121.15
137.74
117.74
138.23
154.23
303.62
288.87
297.04
295.45
310.14
201.34
197.47
211.82
185.34
199.30
266.65
271.24
246.89
271.58
257.21
108.81
117.81
113.81
128.71
117.64
191.31
172.44
203.97
207.55
194.41
143.67
120.98
150.23
121.40
144.05
137.40
148.15
129.95
135.95
157.98
174.50
153.50
148.81
136.23
139.64
186.10
202.34
192.17
210.89
191.51
178.81
188.98
180.98
174.37
174.40
254.31
231.82
236.24
252.82
254.65
175.47
144.47
160.57
138.23
166.81
275.11
276.79
275.04
261.79
274.04
221.82
213.68
209.27
219.17
208.58
228.75
257.24
269.82
250.17
235.51
218.58
220.92
214.58
209.58
195.68
146.50
210.64
182.05
214.95
193.64
309.89
260.99
282.82
303.58
258.68
180.05
172.30
175.02
175.47
153.30
125.20
136.54
124.64
142.47
136.40
203.61
216.44
201.78
205.20
203.54
195.37
223.61
226.78
218.61
225.44
258.34
228.92
244.61
233.78
213.75
158.23
155.98
177.81
180.05
169.95
171.75
178.27
157.27
156.51
181.34
259.58
249.72
228.87
218.45
250.97
194.07
218.72
216.48
217.07
235.82
163.99
165.71
153.71
159.95
149.88
159.67
168.98
174.40
161.57
199.95
140.81
138.64
147.57
127.81
146.98
127.74
131.23
128.64
135.40
129.05
140.30
114.81
114.40
138.88
137.30
235.14
248.31
241.55
234.14
230.14
197.37
194.47
199.20
183.47
191.78
169.37
191.61
164.54
182.61
177.64
204.37
190.37
179.23
209.64
197.20
169.92
169.95
172.75
200.17
172.27
275.11
250.72
281.79
258.55
282.38
113.23
106.40
108.98
115.64
101.57
119.47
128.05
123.47
123.23
121.71
154.68
170.92
166.10
154.27
183.27
198.64
169.57
206.57
194.64
161.57
237.44
239.41
235.48
247.82
244.72
122.88
151.30
116.81
121.23
150.05
202.14
180.58
175.58
179.99
204.72
250.51
264.99
279.07
273.48
278.41
89.94
114.01
116.18
90.80
113.08
170.10
170.68
186.20
164.85
187.20
150.05
180.54
147.23
156.15
167.88
213.44
213.27
207.78
212.85
200.85
246.51
237.58
216.88
218.12
224.68
135.54
144.61
121.47
118.98
129.23
152.54
192.02
164.78
161.47
191.85
240.89
223.14
227.97
248.69
243.04
186.54
200.30
177.37
190.95
195.71
134.71
100.81
122.81
122.64
137.64
166.78
187.71
179.20
174.20
180.20
213.17
231.97
220.92
216.24
214.58
208.61
189.20
187.71
196.78
193.27
192.71
175.71
163.64
171.05
184.37
272.52
262.28
254.79
246.79
232.38
298.55
258.31
286.79
279.79
277.48
172.20
181.27
196.61
200.20
213.20
195.75
211.41
202.99
226.48
221.38
149.47
153.88
190.95
157.95
151.12
101.25
99.08
99.98
110.84
130.23
223.31
223.82
210.58
206.58
201.92
153.64
162.05
164.40
161.81
167.30
217.10
202.75
194.10
231.92
237.75
271.17
300.07
277.65
296.07
253.48
286.72
278.79
277.14
293.38
302.14
206.68
203.71
184.68
215.51
199.27
187.02
172.61
183.85
187.85
180.95
176.05
172.88
175.95
197.27
175.95
174.74
168.64
184.50
171.15
166.98
170.34
190.27
160.95
182.51
161.37
239.65
241.82
228.24
239.58
253.65
227.75
214.44
206.78
213.20
212.78
223.68
215.44
212.58
200.02
245.58
190.95
191.30
193.47
185.12
183.64
159.02
174.02
146.95
158.10
154.78
194.37
215.99
206.95
239.92
215.51
221.02
233.89
207.58
244.17
243.31
214.71
235.20
214.02
183.23
208.71
175.78
186.85
170.02
179.68
172.61
235.72
232.89
223.34
232.31
206.65
165.44
147.61
154.37
167.44
169.85
223.92
214.55
212.92
200.92
224.58
165.88
163.88
191.71
179.54
193.71
162.75
138.57
201.44
159.92
178.51
72.50
67.43
68.18
66.08
104.84
220.27
207.27
224.61
214.54
206.68
191.81
167.88
192.05
188.95
190.05
192.44
174.78
172.15
173.78
182.20
327.59
315.89
294.94
307.41
329.01
218.85
199.27
196.68
202.27
205.12
184.40
166.57
154.84
205.05
185.81
203.85
195.34
188.12
187.95
170.44
224.34
238.41
238.07
250.72
245.28
207.27
219.68
212.02
206.51
197.02
201.99
218.41
226.92
204.92
214.17
244.27
234.68
236.75
233.27
244.75
139.40
137.05
136.30
162.47
135.74
181.07
181.31
218.07
217.82
232.55
225.12
223.88
205.23
211.40
243.40
256.97
232.89
236.72
228.07
228.75
218.17
226.17
242.97
238.51
234.10
202.61
197.02
183.78
200.02
197.37
169.71
189.44
191.44
180.37
206.85
178.68
172.47
163.12
154.37
153.12
171.23
143.15
156.74
150.15
155.50
231.85
249.75
229.02
228.41
220.44
224.99
231.10
226.92
225.68
215.37
153.40
180.15
139.74
185.08
132.84
210.62
192.99
205.97
176.85
196.27
269.48
283.66
275.94
295.01
282.11
153.15
111.43
128.08
111.84
109.11
135.01
169.01
157.08
178.84
166.50
192.41
187.41
173.17
180.34
191.82
195.20
204.68
225.51
194.02
205.10
210.51
186.68
187.68
234.34
224.17
252.48
243.78
239.34
206.51
244.92
212.12
201.78
239.54
205.88
223.61
164.37
147.71
170.85
166.78
161.20
193.51
186.30
216.17
202.51
184.20
195.12
195.34
193.02
224.58
190.61
153.54
124.12
143.54
133.71
137.98
206.99
214.89
213.82
180.58
230.31
165.54
147.30
159.23
143.78
151.40
178.44
197.27
194.61
180.85
179.44
177.05
197.54
185.05
177.64
178.47
156.15
182.57
183.78
174.23
174.88
137.15
155.23
160.64
173.88
150.57
152.30
157.20
149.05
157.95
179.44
235.75
235.51
236.68
213.44
256.17
163.20
160.37
129.05
157.37
153.71
201.88
171.37
147.64
164.47
150.95
195.88
193.30
192.71
235.02
214.61
171.02
195.85
172.12
168.95
183.37
217.48
208.51
221.99
200.51
208.51
162.20
165.78
155.78
147.44
154.05
237.99
252.82
259.14
264.79
240.97
181.95
202.51
187.27
200.61
179.37
236.20
237.85
228.95
237.92
212.37
258.65
237.24
218.17
247.89
231.82
151.74
180.05
169.30
162.88
140.67
163.95
179.20
169.47
154.64
169.64
177.30
180.05
193.37
191.20
158.71
254.34
250.75
241.07
245.24
243.75
232.92
249.55
245.31
244.07
242.82
159.47
158.47
143.98
148.81
158.64
222.71
211.54
215.37
193.30
196.37
151.40
160.50
178.40
164.15
171.57
175.05
160.30
159.71
177.64
149.98
212.41
189.07
186.51
205.99
191.65
240.58
240.17
233.82
241.58
248.34
105.47
113.30
111.40
129.05
100.74
248.17
236.07
227.75
232.17
233.58
157.81
163.30
148.81
153.05
174.74
209.37
223.92
219.37
209.71
208.10
185.51
187.92
191.24
185.34
193.99
179.05
173.71
181.61
174.71
185.78
229.89
244.14
266.04
234.55
261.35
209.51
208.02
196.95
197.20
210.51
196.10
185.02
197.10
194.68
186.34
148.81
152.88
136.47
178.78
149.71
200.54
193.12
190.37
189.85
194.30
213.71
191.02
187.30
177.54
190.30
178.15
189.40
196.15
169.15
184.47
204.37
182.64
197.61
209.30
210.61
156.57
155.23
155.23
168.98
146.50
178.68
196.20
186.02
196.41
214.75
195.27
196.92
183.27
174.27
205.75
230.05
201.98
249.37
231.02
242.95
113.91
125.25
122.57
119.40
119.25
202.75
178.10
193.58
177.27
177.44
219.44
199.44
207.44
202.17
236.48
167.30
164.98
176.05
173.74
159.81
113.05
120.71
105.47
108.57
153.05
173.74
157.15
155.74
205.64
182.91
231.07
242.17
214.61
223.68
220.17
204.34
193.92
200.10
194.02
180.37
140.20
136.71
155.12
132.47
141.12
232.99
231.51
219.85
222.51
238.51
229.95
256.58
242.34
241.07
251.75
168.37
164.95
165.27
157.51
174.17
112.81
134.12
136.71
109.64
121.78
170.68
144.20
167.27
157.78
163.20
204.20
218.61
212.51
230.34
219.34
214.41
194.97
221.48
212.82
240.38
178.74
203.40
168.50
149.33
129.43
196.02
197.34
188.27
194.17
194.27
213.37
212.20
215.61
228.78
218.41
155.12
117.64
146.23
131.30
128.30
124.30
141.88
125.88
144.95
127.30
165.20
186.75
175.44
168.27
162.02
194.68
178.02
201.20
193.61
201.68
201.51
171.78
171.44
182.85
189.27
190.10
162.71
180.64
193.12
190.37
170.30
173.23
161.64
181.88
163.05
149.98
164.98
172.05
146.91
138.57
140.64
146.88
131.40
163.81
115.08
241.89
225.48
221.10
223.07
247.14
133.88
137.71
142.30
153.47
152.23
235.85
249.85
248.02
243.88
215.44
189.58
198.99
191.34
191.27
190.85
190.75
174.85
177.68
179.51
180.92
227.07
219.04
225.97
219.55
205.31
199.55
221.10
211.51
216.92
211.34
244.04
267.55
242.45
231.72
256.11
220.85
215.20
226.02
243.27
221.78
171.44
149.95
155.71
168.88
197.27
199.10
196.75
193.34
199.75
199.75
171.71
166.05
156.54
166.37
171.61
185.85
180.61
194.68
194.68
189.10
173.71
169.78
187.02
198.51
181.78
132.43
111.01
132.60
118.77
110.94
188.61
178.98
212.98
192.33
145.25
180.02
193.85
208.68
182.78
172.37
167.85
179.92
179.10
179.34
191.10
262.48
254.65
280.94
273.69
263.65
238.65
262.89
244.21
253.38
256.62
99.57
100.57
98.98
123.33
98.25
214.44
219.75
228.75
211.51
229.75
148.78
170.64
147.81
144.40
142.95
197.30
200.30
159.54
156.12
179.99
204.61
200.20
222.51
225.10
191.20
172.88
181.12
178.47
170.54
186.68
134.54
146.54
165.71
168.54
161.30
223.75
224.65
229.92
201.34
216.17
190.34
205.41
203.02
207.44
200.58
148.64
147.05
164.44
146.95
155.47
130.81
126.40
140.40
132.05
127.57
232.82
241.99
227.34
216.17
235.17
126.91
137.74
138.57
127.74
120.15
259.82
256.55
225.99
263.21
263.04
159.05
156.02
171.27
140.40
145.47
181.30
213.68
175.02
211.27
195.85
212.34
204.99
207.41
233.38
227.55
296.58
293.10
280.85
297.99
290.92
169.58
183.51
171.44
176.75
186.41
287.87
266.62
240.72
266.62
261.79
164.37
154.98
147.57
171.05
171.81
121.33
122.91
145.64
115.08
138.98
208.51
212.34
191.12
216.92
216.10
259.97
256.55
257.97
265.21
253.55
167.98
174.44
166.27
200.41
170.02
233.41
239.75
226.31
214.07
243.31
154.64
144.78
135.05
126.30
132.40
229.65
234.72
225.99
225.65
245.31
184.44
153.44
145.30
156.37
165.58
278.42
234.24
246.21
230.14
215.82
172.51
168.95
183.14
167.23
179.72
226.75
213.41
226.99
208.92
239.82
153.54
155.37
164.02
145.61
138.37
283.04
284.38
274.45
292.21
296.04
257.45
254.52
246.62
266.59
260.04
280.97
273.04
276.87
271.79
258.45
234.92
241.99
240.99
239.51
245.17
143.36
147.36
143.77
146.43
134.25
168.51
170.75
197.51
224.58
192.99
190.61
212.65
178.75
196.27
153.54
260.41
255.17
251.75
257.92
274.72
217.92
208.44
222.68
235.75
214.10
203.15
198.78
212.47
194.95
181.88
164.61
172.27
187.51
201.75
172.02
242.31
243.97
246.21
243.31
253.35
173.71
168.68
186.10
197.51
157.71
210.78
218.02
204.27
207.78
205.85
201.34
198.20
200.44
202.10
214.20
237.34
250.68
239.75
236.82
233.34
214.54
199.20
197.92
193.78
201.37
147.05
125.23
139.98
150.64
149.23
237.12
208.54
220.95
221.88
236.44
207.88
165.74
159.23
198.81
208.71
234.72
249.14
249.72
218.58
238.31
163.02
129.98
166.61
164.85
142.05
178.95
171.12
176.37
166.37
185.95
204.44
192.75
203.34
194.92
218.68
172.68
183.65
184.44
171.10
179.89
224.27
192.20
203.02
191.61
190.02
189.64
207.81
195.81
208.54
191.98
290.97
291.31
291.72
261.31
293.89
172.61
182.51
193.17
172.37
161.02
104.60
166.60
121.36
152.01
96.94
146.74
143.57
140.67
154.74
155.15
120.50
123.50
148.98
153.33
175.33
111.64
96.81
105.64
125.15
113.37
144.81
164.12
147.40
152.64
147.81
149.23
147.15
123.57
145.81
130.81
165.40
177.05
178.47
182.30
163.12
204.82
192.61
197.95
189.44
199.17
179.95
156.44
154.78
161.95
144.37
139.08
124.08
119.08
135.74
136.43
205.41
206.99
199.24
196.10
225.48
120.08
137.64
133.91
131.50
133.12
174.44
178.85
185.10
181.27
184.34
286.85
273.17
288.34
260.92
275.10
161.20
148.61
156.61
144.51
150.61
282.48
231.82
245.07
262.24
231.99
205.17
222.41
193.02
191.92
208.92
296.89
250.92
257.65
272.07
254.34
136.84
168.40
156.57
166.15
174.74
175.12
188.30
167.30
172.88
162.05
159.88
154.12
158.85
134.98
150.71
121.97
122.53
112.28
102.28
111.70
205.34
230.75
217.24
228.24
229.75
235.48
205.58
241.99
233.89
215.27
212.65
202.82
202.55
195.68
205.79
146.85
150.27
142.61
138.95
140.61
244.68
263.10
264.51
262.51
232.85
225.68
226.51
223.58
222.10
235.99
192.20
200.20
197.61
204.54
205.95
187.37
189.02
191.64
202.20
170.71
173.95
179.02
185.92
185.37
197.58
226.47
255.88
216.71
237.12
213.12
190.34
203.17
216.41
212.65
223.24
159.61
169.10
169.68
159.61
162.61
149.91
149.98
153.57
149.40
149.08
101.84
114.08
113.08
110.84
116.50
188.82
220.14
204.89
187.58
181.41
173.85
174.51
186.68
199.27
185.27
191.92
174.44
175.02
178.61
205.75
168.51
184.75
174.68
188.10
192.41
180.61
176.20
187.68
185.20
185.10
187.88
206.37
206.61
197.95
206.30
218.37
211.61
207.27
239.75
216.54
93.43
112.98
101.74
113.64
111.40
251.79
275.14
258.79
257.38
233.07
186.95
192.85
191.37
190.85
195.95
180.10
181.34
183.82
185.58
174.51
189.37
182.44
190.85
208.27
218.61
291.04
299.18
289.55
300.84
283.14
241.82
229.82
236.51
240.24
237.97
186.47
173.71
194.71
162.23
173.71
109.77
106.18
118.18
105.01
111.53
236.55
215.02
227.48
238.65
221.65
109.81
142.30
141.81
124.30
138.05
183.37
190.85
207.68
195.37
187.54
263.41
220.75
263.07
224.51
208.17
238.45
226.38
249.72
238.31
256.79
186.44
179.78
182.30
191.12
195.30
184.65
169.47
161.51
166.40
155.23
286.21
234.68
280.24
240.58
238.89
234.17
224.48
233.44
230.41
224.51
211.30
184.95
194.54
182.95
184.30
270.97
258.14
260.65
277.79
250.48
191.71
179.88
192.78
188.30
192.12
268.31
273.18
272.01
274.28
266.01
265.45
239.38
246.55
259.21
250.62
155.88
157.05
172.68
159.02
145.64
194.40
159.81
166.30
171.71
187.78
151.47
172.40
145.05
159.30
160.30
201.27
222.82
214.44
210.99
245.34
184.34
192.85
175.02
195.14
189.92
235.71
162.71
195.78
196.54
203.30
230.20
195.64
205.95
227.78
172.50
271.38
265.48
270.55
265.72
270.97
209.10
206.68
193.20
204.85
189.27
200.20
219.68
188.71
197.20
195.20
181.34
174.44
179.37
166.02
181.27
184.05
161.64
184.47
187.47
179.64
264.24
276.97
236.58
271.24
272.48
227.61
233.02
218.61
210.51
224.10
218.75
239.75
233.34
237.17
256.65
177.81
203.47
233.81
168.33
185.23
152.33
166.40
150.57
152.64
167.40
195.78
171.37
203.37
167.54
197.27
222.71
217.47
220.81
228.71
197.12
176.71
193.64
175.23
183.37
189.54
218.99
212.99
210.99
199.41
215.82
211.71
208.61
205.71
206.85
218.24
182.92
200.41
186.61
187.27
207.68
207.55
213.97
205.89
239.45
210.55
141.64
136.23
136.40
160.40
144.40
218.34
199.78
218.85
205.61
213.68
118.88
143.61
133.05
123.05
128.81
244.38
236.69
238.97
227.45
235.11
243.62
240.62
252.69
241.38
252.45
186.47
179.98
205.27
214.30
183.30
167.37
193.68
210.37
207.44
176.10
149.81
161.30
165.64
160.98
170.23
217.54
238.61
197.78
206.37
234.27
201.78
208.20
193.12
196.95
215.95
107.23
110.64
113.64
107.64
104.57
261.45
261.38
252.48
261.38
255.04
225.71
197.20
200.78
206.54
201.30
222.07
222.82
208.27
209.68
228.48
175.71
164.81
191.91
179.05
170.05
247.82
262.65
244.58
194.95
242.02
210.58
200.20
223.34
205.02
201.51
205.54
196.10
191.68
185.20
183.40
266.62
270.31
278.62
265.14
252.97
221.58
249.38
252.21
221.65
254.79
170.05
187.02
190.17
181.88
193.02
228.99
251.65
219.75
229.41
233.24
226.34
218.82
215.99
231.58
241.41
219.51
241.68
233.58
245.82
237.82
268.38
258.21
260.14
271.79
261.28
209.51
207.07
205.48
205.34
203.48
194.75
196.61
176.58
184.17
183.95
217.27
219.92
241.41
222.10
226.44
210.89
236.55
212.89
224.24
219.48
157.05
189.02
155.05
155.08
141.98
196.61
214.44
207.92
211.61
204.61
213.17
219.65
229.27
229.99
203.85
223.88
226.95
222.27
226.47
207.44
213.85
188.37
202.10
230.51
200.34
319.72
331.48
341.07
322.24
302.48
155.78
161.37
167.30
161.54
164.20
158.40
138.15
123.15
143.15
134.08
259.14
269.14
226.34
263.62
245.17
240.85
240.02
218.02
234.68
246.85
234.58
238.38
237.38
226.97
223.31
227.72
238.79
244.72
238.99
242.75
284.04
277.97
261.72
269.55
275.97
266.97
248.48
271.55
269.38
253.24
210.27
213.02
231.85
231.02
215.95
118.47
128.81
109.33
108.33
110.74
276.69
277.11
273.28
278.45
292.11
199.99
179.51
184.68
203.02
196.27
154.44
183.37
153.02
175.47
189.02
165.81
169.95
152.47
145.30
182.20
122.64
126.98
133.57
117.88
108.81
228.14
228.65
193.75
191.51
189.58
223.48
201.17
215.24
216.89
223.75
160.05
149.81
161.78
170.95
161.40
212.51
227.61
218.75
214.92
222.95
184.20
175.37
213.10
188.68
170.10
220.68
236.44
213.85
228.10
224.17
199.68
180.10
187.27
195.75
176.85
202.10
191.24
199.34
186.10
207.34
242.17
222.92
214.61
212.85
225.68
147.02
143.37
166.85
161.71
147.20
219.44
202.65
201.10
204.68
215.68
310.24
338.65
326.38
301.07
317.48
195.82
210.24
205.44
225.79
225.07
205.92
187.20
196.85
204.64
192.75
217.17
205.54
216.75
205.78
201.78
165.64
209.30
192.88
195.68
170.30
214.85
163.30
197.20
198.85
219.44
232.24
227.92
208.92
249.24
257.65
172.78
198.10
176.71
181.95
195.44
177.88
176.12
179.20
181.47
169.91
123.57
175.81
140.15
144.98
126.84
202.12
220.12
219.71
222.12
219.71
222.20
205.12
230.85
210.78
228.44
278.72
245.02
258.07
273.55
242.27
222.95
227.37
238.54
233.37
246.20
192.05
240.02
195.37
206.71
194.47
185.20
176.02
183.44
186.02
179.61
120.57
120.91
108.91
122.81
127.57
185.40
201.23
161.30
185.81
198.47
167.44
166.12
147.30
163.30
176.12
186.30
148.33
144.15
148.15
160.40
215.68
227.71
220.95
219.54
233.95
254.82
246.27
235.41
242.99
242.07
264.14
291.21
269.62
264.14
265.65
178.78
177.20
180.85
183.27
200.10
261.97
258.55
266.14
282.94
280.04
185.37
187.20
204.02
182.85
183.95
229.99
261.65
258.58
254.24
256.41
178.85
167.10
172.68
173.71
163.20
227.41
264.07
220.02
239.34
262.65
167.23
177.88
169.64
208.47
171.64
144.23
165.05
174.12
174.71
165.64
187.41
170.78
183.68
182.02
176.34
279.89
273.89
278.55
290.87
276.14
210.97
206.65
213.87
224.27
221.65
239.41
258.07
249.99
250.55
240.97
251.62
245.97
262.76
266.28
246.62
180.61
159.81
172.88
174.44
184.78
216.41
212.99
201.58
195.34
208.65
186.95
173.54
178.88
176.12
178.71
211.24
190.10
192.82
173.85
215.07
184.98
171.81
195.78
205.30
177.64
242.17
233.65
208.58
234.58
216.85
171.20
189.20
169.30
192.51
175.20
197.89
193.58
204.24
204.58
196.58
221.27
213.02
215.02
210.02
230.68
131.98
151.57
143.74
137.40
154.15
162.92
173.34
182.02
159.27
157.68
189.02
212.92
202.92
215.27
187.27
90.84
66.18
95.11
65.36
66.70
170.44
164.95
168.61
168.61
151.02
200.95
204.68
195.85
213.58
230.99
133.23
142.91
106.43
138.50
151.98
217.24
218.97
230.04
217.48
215.31
286.92
296.58
271.27
288.10
292.44
202.58
219.48
218.14
209.38
199.58
272.62
286.28
301.69
283.04
303.69
171.64
173.33
172.33
172.57
153.50
155.61
173.02
189.02
149.61
165.20
159.44
170.12
147.78
169.20
145.37
167.05
174.71
168.05
154.05
193.88
155.37
157.61
178.34
157.44
157.78
223.38
226.97
222.48
223.31
212.41
176.47
174.23
171.33
173.64
176.88
231.75
228.92
235.17
248.07
236.82
203.51
216.55
196.92
204.92
185.92
155.47
162.37
153.12
168.88
164.34
203.51
185.99
198.68
198.44
199.02
205.34
203.10
216.89
205.17
206.92
136.57
120.43
118.01
126.08
123.84
170.34
163.92
161.44
135.54
148.61
139.40
168.12
125.74
135.74
142.81
189.88
186.30
186.64
187.88
159.88
222.07
207.92
207.92
217.92
226.85
210.17
223.58
218.27
225.07
206.85
255.55
250.55
250.14
263.21
286.04
188.37
201.30
185.37
189.27
203.37
186.92
177.10
172.85
174.95
179.75
190.23
189.64
183.30
187.40
187.15
136.47
135.64
130.64
134.47
123.88
136.47
150.12
141.37
158.64
156.54
192.78
182.05
185.81
195.78
195.78
206.85
205.20
188.88
205.51
219.34
168.71
168.05
161.23
162.98
170.12
216.99
227.85
216.75
219.99
204.10
118.33
118.81
99.91
102.67
113.33
152.71
170.75
155.44
201.79
172.75
211.99
210.51
228.41
205.68
225.51
216.65
204.27
232.89
221.48
195.75
196.20
189.40
193.95
195.02
200.78
211.41
177.58
214.65
200.27
209.68
220.75
237.99
211.17
214.34
252.27
155.88
178.44
176.78
178.44
173.02
139.54
125.81
136.30
145.40
135.30
215.02
255.44
226.44
204.61
238.27
244.72
221.07
192.65
211.41
229.21
170.88
171.02
163.54
180.71
174.54
188.61
178.30
206.44
203.02
199.85
250.51
264.07
287.72
233.71
246.27
260.14
263.31
270.79
264.07
251.48
210.82
201.24
207.31
215.34
206.07
198.68
203.27
180.37
195.02
191.85
155.84
164.74
155.74
165.95
169.20
182.68
208.51
215.51
180.99
199.95
167.58
182.02
176.17
151.12
184.17
268.99
274.31
251.17
273.24
264.82
203.02
178.51
200.02
202.27
192.44
176.02
154.44
169.61
145.92
159.78
196.10
173.30
160.88
171.61
196.05
263.38
237.72
241.07
261.94
230.79
151.23
143.47
169.61
161.61
156.71
230.68
241.10
239.27
232.68
246.75
208.82
206.17
213.41
218.72
221.89
174.64
172.88
159.33
153.23
172.64
265.34
272.41
278.69
271.31
274.89
180.61
188.24
161.27
178.17
174.02
133.30
152.05
150.23
140.40
141.95
297.52
274.69
279.87
276.52
284.69
192.68
186.95
193.27
189.92
198.02
155.98
150.91
159.23
167.88
157.54
179.30
166.05
161.47
156.47
176.37
147.40
126.50
114.15
128.33
148.33
160.12
148.88
142.81
161.54
116.57
198.54
210.27
200.78
203.78
207.95
198.23
247.47
217.71
179.95
174.88
235.65
229.89
230.07
228.07
236.24
180.85
164.85
160.12
161.54
194.47
231.85
245.17
267.17
248.51
253.17
227.41
217.48
229.92
235.14
235.10
236.17
242.65
227.92
243.75
235.14
183.88
200.47
176.61
193.78
174.20
193.47
216.02
199.37
210.12
192.12
138.64
161.78
131.57
178.44
133.71
219.65
227.34
224.10
234.41
226.24
211.72
209.65
200.99
197.24
225.38
235.92
228.30
225.37
224.12
249.44
226.20
242.20
228.51
248.92
227.58
222.55
239.11
238.87
231.21
230.21
246.51
252.34
220.82
225.82
216.72
238.92
220.17
212.27
218.17
200.20
195.37
197.95
209.92
214.99
192.85
198.02
193.17
206.58
198.10
185.78
171.61
159.88
192.92
173.30
169.44
225.31
241.55
242.94
224.31
221.97
239.94
228.38
241.52
227.31
265.11
250.34
252.17
287.24
238.85
262.75
120.23
122.05
125.30
118.64
136.12
187.34
187.27
168.12
174.61
189.78
159.57
177.85
188.37
176.54
187.02
172.51
157.02
192.02
171.30
180.20
183.17
185.82
185.41
173.34
181.75
177.78
183.20
174.30
166.64
169.47
168.61
158.64
168.64
170.81
160.78
211.82
201.92
209.82
202.34
224.17
163.61
187.95
191.44
170.20
165.02
167.71
148.81
123.95
116.47
118.30
137.81
136.33
101.25
127.50
125.50
173.85
155.12
159.95
157.95
168.12
189.61
203.61
194.61
238.82
188.61
156.50
142.67
150.25
149.08
135.74
215.17
252.17
238.17
245.99
239.41
223.85
184.51
198.82
202.58
198.82
227.51
239.92
227.92
233.37
238.75
155.40
159.64
178.81
173.81
177.30
171.41
177.20
194.27
202.99
174.20
174.61
187.37
176.02
180.20
169.78
176.12
190.95
165.64
186.68
175.71
189.88
171.88
164.40
186.64
174.88
132.81
143.71
145.30
130.30
135.12
250.38
253.89
251.41
240.41
253.41
201.85
202.10
223.85
218.27
214.61
241.44
204.54
231.44
230.88
266.20
190.51
189.34
198.27
193.58
201.41
188.85
172.54
178.64
164.47
184.20
144.43
149.01
117.36
116.94
148.43
163.61
155.23
135.64
127.30
161.78
160.47
193.23
171.12
207.12
161.30
197.40
214.44
209.68
208.57
221.20
222.24
241.04
250.24
245.24
206.27
147.47
148.05
157.44
160.20
135.40
160.05
139.08
126.01
159.05
126.43
252.82
232.92
228.68
237.92
212.95
148.15
146.33
143.12
170.84
159.54
188.81
187.88
205.02
202.27
168.95
251.68
245.68
249.02
225.54
256.10
133.15
130.54
128.30
130.12
120.88
272.62
260.97
270.69
279.45
281.28
243.51
191.27
261.79
219.34
191.27
166.20
173.78
173.54
168.51
191.64
167.47
150.71
190.20
158.15
187.78
237.41
236.24
230.89
241.65
235.89
253.38
264.62
289.87
272.45
251.79
240.51
227.44
216.34
224.82
238.41
234.55
223.72
208.99
219.31
224.55
161.30
167.85
167.12
165.37
169.71
218.34
215.51
216.68
213.68
203.61
230.45
255.79
232.14
240.14
227.38
149.98
137.33
125.88
133.37
141.54
228.89
232.92
226.07
236.41
212.75
292.72
294.72
268.14
265.14
277.62
136.98
113.15
142.81
122.74
112.57
246.24
258.31
245.92
224.75
228.58
211.41
211.17
197.68
201.51
211.10
167.71
159.30
165.44
172.51
168.64
193.71
187.88
179.71
174.30
175.88
201.23
245.05
231.20
228.23
188.81
162.20
200.40
198.51
196.05
194.88
163.20
174.20
171.30
176.78
161.81
264.68
243.58
258.75
267.34
245.34
179.74
160.08
192.74
172.33
178.18
229.04
200.58
201.99
212.82
213.24
176.20
190.92
186.34
196.02
196.17
224.17
242.92
244.14
230.07
238.89
192.02
210.24
190.12
202.54
201.41
209.24
199.65
198.65
209.58
187.51
230.55
268.55
234.41
261.89
245.41
227.24
213.10
220.34
194.20
211.61
245.34
236.75
210.20
200.71
259.72
253.72
219.17
220.65
238.31
212.58
200.54
195.20
206.10
197.20
207.44
176.92
190.75
211.02
194.07
193.71
143.81
185.95
161.57
128.08
171.88
147.30
127.05
166.47
146.37
152.95
260.48
244.04
234.55
247.79
238.72
220.99
235.62
209.99
228.55
198.99
224.38
213.31
226.72
222.65
210.82
209.85
200.68
218.02
205.85
211.75
175.20
201.92
194.10
187.10
183.95
210.89
198.41
199.92
205.92
215.31
176.47
166.71
180.30
176.64
162.05
168.61
156.12
176.95
186.27
173.30
218.48
204.68
211.41
212.58
237.97
227.71
217.10
221.85
223.71
215.44
125.81
117.05
120.71
132.12
135.47
209.20
209.51
204.85
214.34
223.85
263.38
256.62
267.14
266.28
246.14
101.84
102.43
112.91
112.67
105.67
215.54
225.54
194.37
210.12
196.95
215.92
208.34
219.51
204.75
217.92
131.12
136.47
132.23
128.23
121.91
121.01
149.33
123.43
104.33
134.25
202.47
204.37
207.02
205.68
220.17
191.20
224.24
182.20
192.85
225.34
212.99
217.75
212.51
217.65
202.89
241.10
227.75
229.12
198.12
217.20
170.61
163.02
157.47
176.30
163.20
227.17
246.31
248.99
223.34
231.82
115.57
119.15
131.88
120.98
120.57
173.71
194.30
167.47
172.54
197.61
241.17
229.41
215.68
238.24
211.27
208.68
209.92
207.20
210.44
214.51
201.75
199.75
191.41
217.24
200.17
176.08
172.67
155.57
155.50
144.98
158.61
176.44
161.85
186.82
179.68
231.38
229.79
210.75
215.14
230.04
224.58
225.85
211.85
212.44
225.34
246.59
240.89
246.58
246.92
216.72
197.78
185.95
224.44
189.20
204.44
238.68
227.99
228.99
230.17
235.34
215.34
229.79
215.38
257.07
226.14
273.28
250.76
246.28
251.18
239.97
234.48
219.24
218.89
237.24
206.65
213.51
225.41
210.10
216.82
207.27
152.15
139.08
151.50
146.88
151.74
204.08
158.74
182.71
183.54
160.15
98.74
81.18
103.57
93.08
90.01
183.47
181.12
200.12
177.71
184.64
187.27
204.68
195.61
190.85
210.68
224.07
232.31
235.99
214.58
223.17
146.67
186.50
179.67
169.67
145.01
240.37
223.12
215.37
265.89
249.27
163.10
166.44
154.44
156.44
151.95
229.10
221.27
203.44
227.44
199.15
189.95
154.23
157.47
151.74
147.74
188.33
189.98
189.47
193.54
159.40
238.99
223.68
219.68
247.07
244.99
189.07
204.31
192.68
190.24
179.65
215.17
228.58
214.10
212.44
175.05
196.48
190.99
183.92
183.34
173.51
169.05
171.02
168.61
193.27
137.78
218.92
232.17
215.99
230.17
243.41
120.15
146.74
158.15
154.81
132.98
200.75
181.78
211.27
192.68
186.20
131.47
134.61
154.71
143.54
138.05
239.24
238.89
253.14
219.58
254.48
181.64
167.23
163.23
177.71
162.81
176.12
187.61
199.20
170.95
192.71
165.47
165.61
162.61
162.64
161.37
213.10
230.87
214.45
209.34
205.27
153.20
151.20
129.71
126.71
131.37
240.89
239.48
249.31
285.79
265.34
290.21
298.04
299.79
297.21
283.72
198.82
215.99
208.41
202.17
212.07
277.28
308.35
297.35
296.84
280.69
206.92
205.34
221.10
222.44
207.20
204.02
197.10
201.92
197.10
215.51
121.47
112.15
112.40
121.05
143.88
103.33
130.08
98.74
91.33
100.91
206.20
218.71
242.58
212.68
217.10
162.47
184.23
163.23
174.40
164.05
210.10
233.65
202.68
223.85
223.75
207.71
161.57
167.71
166.78
142.43
167.92
157.95
174.85
178.92
168.68
209.51
183.51
179.51
200.20
199.27
163.30
173.33
173.61
163.05
163.68
140.25
159.74
140.84
127.84
171.23
278.17
284.24
285.75
286.99
284.75
222.41
212.41
174.68
200.92
184.68
134.71
147.54
138.78
114.71
125.30
158.37
166.02
148.95
162.54
154.47
93.46
71.46
82.28
89.53
100.94
105.08
109.08
107.84
108.33
113.74
292.31
290.65
287.07
284.75
276.07
176.05
157.47
172.88
163.47
181.71
255.92
241.92
250.99
244.75
241.51
184.30
159.95
181.68
162.85
185.54
197.61
185.78
208.20
185.12
178.30
171.54
190.37
184.78
179.20
190.78
127.74
95.18
119.53
130.67
96.60
174.47
200.12
200.27
179.47
192.61
245.75
255.51
225.58
232.61
247.27
172.37
179.51
164.51
206.75
178.27
84.50
89.91
89.50
86.15
89.08
217.02
224.92
199.44
222.10
225.10
171.92
166.68
160.85
172.20
181.20
190.44
195.34
200.10
191.75
208.41
204.51
236.51
238.65
228.82
232.41
206.17
206.75
218.24
217.65
220.24
219.31
209.99
230.48
206.92
219.58
123.43
99.67
139.15
99.84
102.43
216.85
231.02
214.37
217.78
221.44
236.31
235.17
219.99
167.95
252.31
250.65
236.82
244.82
246.41
267.04
185.10
196.61
202.10
212.34
194.68
179.02
219.99
190.27
207.24
219.37
195.30
211.71
176.47
203.40
169.57
319.97
285.99
324.89
312.14
306.31
243.55
210.07
223.72
236.41
243.55
260.41
244.51
263.58
255.75
243.34
233.27
231.10
224.89
219.51
239.51
202.17
225.24
220.17
209.51
201.41
233.51
233.92
234.48
222.85
246.82
253.14
232.21
252.97
271.55
217.82
241.82
202.10
233.27
249.17
213.68
173.64
190.02
203.95
191.54
202.58
132.30
122.23
129.23
132.54
130.88
110.08
125.50
137.57
125.91
122.74
204.75
209.34
181.27
202.65
204.51
203.99
232.51
199.34
226.55
211.24
215.20
224.95
215.64
224.05
249.24
185.71
163.88
164.95
194.78
164.23
286.48
291.48
291.72
288.07
301.42
135.98
125.91
117.25
153.74
154.57
136.64
152.05
117.64
147.54
168.10
167.88
173.47
195.54
174.23
142.40
269.44
262.02
271.37
259.20
233.61
190.40
186.47
191.67
152.40
192.88
201.37
197.61
197.02
195.34
200.20
176.20
184.02
186.51
167.20
181.02
225.85
215.34
221.85
193.17
196.51
162.47
143.64
176.37
180.54
171.71
177.99
171.51
184.27
179.10
171.44
187.78
163.20
187.78
168.12
165.37
104.94
108.60
125.01
128.60
102.36
139.81
130.15
129.91
151.05
133.98
104.15
104.67
131.33
112.40
113.50
262.85
280.34
290.17
258.27
265.27
114.23
110.84
106.57
106.43
89.25
209.79
203.58
202.58
201.82
207.55
231.55
223.79
235.52
239.04
233.52
211.10
201.85
181.61
205.75
182.20
204.95
223.75
217.51
232.41
197.61
109.40
117.98
119.40
122.18
137.05
126.01
132.08
114.15
145.84
89.84
224.41
206.72
216.10
219.85
203.99
266.31
241.24
268.65
282.38
281.72
221.51
203.27
200.27
224.99
217.99
223.44
228.27
198.88
209.27
203.12
181.61
189.02
204.10
192.10
193.68
121.18
121.53
117.43
129.01
128.84
175.12
140.71
146.30
127.64
153.88
200.78
207.92
194.44
199.20
206.02
204.75
226.82
229.17
211.51
234.58
152.64
167.50
169.71
162.91
160.05
145.95
143.12
163.37
141.71
149.54
173.27
149.44
173.82
174.17
148.44
287.31
300.21
321.84
312.79
301.52
147.47
169.98
176.10
143.12
169.57
158.47
187.05
150.57
193.37
186.64
254.21
269.14
226.82
253.38
231.10
217.92
204.95
202.17
201.10
206.37
240.14
249.79
254.04
263.04
255.04
237.24
241.79
229.17
222.72
226.24
180.15
198.47
191.12
197.47
207.54
91.67
113.25
98.67
88.60
99.36
186.17
198.89
176.95
196.68
193.41
206.17
199.61
194.61
177.71
172.54
142.40
179.05
156.54
132.08
130.64
158.43
162.74
139.08
150.74
154.01
210.24
236.41
213.89
206.41
208.48
237.31
257.14
244.79
234.62
227.55
133.12
154.78
141.27
137.15
142.12
215.51
231.02
240.58
231.68
227.02
164.20
170.27
160.61
161.95
169.27
219.34
203.61
223.75
204.51
213.34
165.88
177.95
181.85
166.71
172.30
216.17
235.27
241.58
222.20
243.44
210.51
226.75
224.34
228.07
229.75
223.10
210.58
225.02
227.44
211.75
203.85
210.61
223.20
217.02
221.85
244.99
235.27
253.24
213.20
216.85
150.05
178.54
172.88
163.64
156.81
112.23
127.05
125.64
115.67
133.57
254.62
235.45
240.28
242.21
246.04
188.10
181.27
186.61
161.85
185.68
217.17
207.44
196.61
201.37
218.58
197.78
194.37
185.95
184.78
178.95
189.85
186.78
189.20
170.12
202.20
212.51
221.51
221.92
206.68
215.24
211.10
208.51
187.71
220.58
194.24
186.10
179.61
166.71
181.68
167.23
164.74
158.88
176.23
144.05
144.15
161.57
158.05
153.81
156.12
187.88
258.72
253.45
254.62
264.55
248.65
202.95
183.85
191.75
184.27
193.27
233.97
248.10
247.87
249.34
225.99
190.61
196.98
205.40
181.78
193.71
221.68
237.68
248.75
246.34
233.92
164.11
146.84
152.25
157.36
138.36
236.65
234.75
230.31
213.99
229.41
185.78
198.37
201.20
177.02
192.23
216.10
193.17
200.41
235.17
181.51
186.88
208.47
213.30
208.81
208.54
220.79
234.20
234.02
238.44
225.38
208.57
221.88
185.30
219.64
228.54
311.69
301.87
311.69
302.62
309.21
190.54
217.17
220.61
212.78
194.78
280.69
276.18
264.87
283.11
272.69
164.43
181.08
186.15
156.33
148.01
216.58
217.48
222.65
215.58
211.82
250.85
228.44
248.58
224.10
223.85
145.23
154.30
136.15
149.47
147.05
177.12
213.51
199.51
197.75
175.71
226.62
215.99
260.18
230.89
237.45
195.27
211.75
209.75
189.85
186.85
226.44
230.31
230.68
202.10
216.37
142.40
139.23
134.05
133.64
134.23
166.71
152.74
165.57
180.57
166.57
111.67
121.23
110.84
113.84
117.40
133.71
145.61
141.20
159.54
149.85
218.24
210.14
216.41
210.72
209.99
281.31
277.41
268.38
272.17
262.72
170.30
192.30
166.47
165.47
159.23
224.24
235.89
232.55
237.48
234.55
161.23
176.54
186.47
173.27
180.85
163.25
158.25
119.60
162.67
179.50
194.34
217.85
235.10
219.02
207.02
187.58
189.34
167.20
168.82
184.92
192.88
215.51
195.12
198.30
214.17
111.91
110.50
102.50
112.74
109.33
